shape_id,shape_pt_lon,shape_pt_lat,shape_pt_sequence
9,-74.006693,40.703647,1
9,-74.005259,40.702377,2
9,-73.996646,40.704159,3
9,-73.995671,40.703652,4
9,-73.996646,40.704159,5
9,-73.97258,40.710119,6
9,-73.970224,40.708743,7
9,-73.97258,40.710119,8
9,-73.967308,40.722012,9
9,-73.964902,40.720838,10
9,-73.967308,40.722012,11
9,-73.964842,40.731406,12
9,-73.963617,40.731365,13
9,-73.964842,40.731406,14
9,-73.964519,40.742134,15
9,-73.961322,40.741838,16
9,-73.964519,40.742134,17
9,-73.967329,40.742936,18
9,-73.970731,40.743912,19
12,-73.970731,40.743912,1
12,-73.967329,40.742936,2
12,-73.964519,40.742134,3
12,-73.961322,40.741838,4
12,-73.964519,40.742134,5
12,-73.964842,40.731406,6
12,-73.963617,40.731365,7
12,-73.964842,40.731406,8
12,-73.967308,40.722012,9
12,-73.964902,40.720838,10
12,-73.967308,40.722012,11
12,-73.972587,40.710119,12
12,-73.970224,40.708743,13
12,-73.972587,40.710119,14
12,-73.996646,40.704159,15
12,-73.995671,40.703652,16
12,-73.996646,40.704159,17
12,-74.005259,40.702377,18
12,-74.006693,40.703647,19
16,-74.074229,40.6460718,1
16,-74.0672005,40.6489099,2
16,-74.060352,40.6516478,3
16,-74.039348,40.6760788,4
16,-74.028986,40.6947218,5
16,-74.023903,40.7154068,6
16,-74.0177578,40.7150288,7
16,-74.023903,40.7154068,8
16,-74.0136558,40.7512748,9
16,-74.0065908,40.7613248,10
16,-74.0040578,40.7603228,11
27,-73.882669,40.567389,1
27,-73.882458,40.56702,2
27,-73.882088,40.56639,3
27,-73.881968,40.56657,4
27,-73.88188,40.566688,5
27,-73.881758,40.56685,6
27,-73.881678,40.56692,7
27,-73.881528,40.56702,8
27,-73.881368,40.56709,9
27,-73.881168,40.56713,10
27,-73.880788,40.56714,11
27,-73.880418,40.5671,12
27,-73.880138,40.56712,13
27,-73.879878,40.56716,14
27,-73.879698,40.56721,15
27,-73.879338,40.56741,16
27,-73.879038,40.56753,17
27,-73.878698,40.56768,18
27,-73.878358,40.56782,19
27,-73.877448,40.56823,20
27,-73.876628,40.56862,21
27,-73.874708,40.56954,22
27,-73.874558,40.56961,23
27,-73.872128,40.57077,24
27,-73.871728,40.57094,25
27,-73.871408,40.57104,26
27,-73.871028,40.5711,27
27,-73.870488,40.57112,28
27,-73.870328,40.57112,29
27,-73.869788,40.571,30
27,-73.869518,40.57092,31
27,-73.869248,40.5708,32
27,-73.868968,40.57064,33
27,-73.868788,40.57052,34
27,-73.868528,40.57021,35
27,-73.868338,40.56992,36
27,-73.868178,40.56962,37
27,-73.868118,40.5694,38
27,-73.868118,40.56893,39
27,-73.868148,40.56883,40
27,-73.868158,40.56874,41
27,-73.868268,40.56852,42
27,-73.868588,40.5681,43
27,-73.868758,40.56793,44
27,-73.869048,40.56773,45
27,-73.869398,40.56756,46
27,-73.869858,40.56742,47
27,-73.871488,40.56687,48
27,-73.871858,40.56674,49
27,-73.872248,40.5666,50
27,-73.872808,40.5664,51
27,-73.872998,40.56636,52
27,-73.873108,40.5663,53
27,-73.873138,40.56619,54
27,-73.873113,40.566164,55
27,-73.873138,40.56619,56
27,-73.873048,40.5661,57
27,-73.872888,40.56608,58
27,-73.869748,40.56715,59
27,-73.868348,40.56762,60
27,-73.867788,40.56784,61
27,-73.867118,40.5681,62
27,-73.865328,40.5688,63
27,-73.864068,40.56931,64
27,-73.863278,40.56963,65
27,-73.862488,40.56995,66
27,-73.862378,40.56999,67
27,-73.861598,40.57033,68
27,-73.860798,40.57065,69
27,-73.860008,40.57098,70
27,-73.859208,40.5713,71
27,-73.858418,40.57163,72
27,-73.858318,40.57167,73
27,-73.857528,40.572,74
27,-73.856728,40.57232,75
27,-73.855938,40.57266,76
27,-73.855138,40.57298,77
27,-73.854348,40.5733,78
27,-73.853558,40.57364,79
27,-73.852738,40.57396,80
27,-73.851958,40.57429,81
27,-73.851168,40.57461,82
27,-73.850358,40.57494,83
27,-73.849578,40.57526,84
27,-73.848788,40.57558,85
27,-73.847978,40.57592,86
27,-73.847138,40.57627,87
27,-73.846308,40.5766,88
27,-73.846208,40.57665,89
27,-73.845508,40.57698,90
27,-73.844698,40.57731,91
27,-73.843878,40.57759,92
27,-73.843058,40.57788,93
27,-73.842218,40.57814,94
27,-73.841388,40.57841,95
27,-73.840568,40.57869,96
27,-73.839748,40.57896,97
27,-73.838928,40.57924,98
27,-73.838098,40.57951,99
27,-73.837278,40.57979,100
27,-73.837128,40.57984,101
27,-73.836718,40.57996,102
27,-73.836278,40.5801,103
27,-73.835428,40.58032,104
27,-73.834578,40.58055,105
27,-73.833728,40.58079,106
27,-73.832948,40.58101,107
27,-73.832878,40.58103,108
27,-73.832778,40.58105,109
27,-73.832448,40.58113,110
27,-73.832028,40.58125,111
27,-73.831928,40.58128,112
27,-73.830878,40.58157,113
27,-73.830768,40.5816,114
27,-73.830108,40.581791,115
27,-73.829908,40.58185,116
27,-73.830228,40.58259,117
27,-73.830678,40.58347,118
27,-73.830948,40.58398,119
27,-73.831178,40.58393,120
27,-73.831728,40.583784,121
35,-73.831326,40.583887,1
35,-73.83343,40.58333,2
35,-73.83458,40.58296,3
35,-73.83552,40.58266,4
35,-73.83611,40.58248,5
35,-73.83636,40.5824,6
35,-73.83673,40.58228,7
35,-73.83741,40.58206,8
35,-73.837446,40.582048,9
35,-73.83789,40.58191,10
35,-73.83813,40.58185,11
35,-73.83839,40.58177,12
35,-73.83727,40.57979,13
35,-73.83809,40.57951,14
35,-73.83892,40.57924,15
35,-73.83974,40.57896,16
35,-73.84056,40.57869,17
35,-73.84138,40.57841,18
35,-73.84221,40.57814,19
35,-73.84305,40.57788,20
35,-73.84387,40.57759,21
35,-73.84469,40.57731,22
35,-73.8455,40.57698,23
35,-73.845988,40.576817,24
35,-73.84637,40.57669,25
35,-73.84718,40.57635,26
35,-73.84801,40.57601,27
35,-73.84884,40.57567,28
35,-73.84963,40.57535,29
35,-73.8504,40.57502,30
35,-73.85122,40.5747,31
35,-73.85202,40.57437,32
35,-73.85279,40.57405,33
35,-73.8536,40.57372,34
35,-73.85439,40.5734,35
35,-73.85518,40.57307,36
35,-73.85597,40.57274,37
35,-73.85677,40.57242,38
35,-73.85758,40.5721,39
35,-73.85837,40.57178,40
35,-73.85847,40.57174,41
35,-73.858523,40.571718,42
35,-73.85927,40.57141,43
35,-73.86006,40.57108,44
35,-73.86085,40.57075,45
35,-73.86165,40.57043,46
35,-73.86244,40.57011,47
35,-73.86255,40.57007,48
35,-73.86333,40.56974,49
35,-73.86412,40.56941,50
35,-73.86469,40.56922,51
35,-73.86509,40.56911,52
35,-73.8655,40.56904,53
35,-73.86581,40.56901,54
35,-73.86611,40.56902,55
35,-73.86654,40.5691,56
35,-73.86693,40.56921,57
35,-73.8671,40.5693,58
35,-73.8673,40.56932,59
35,-73.86746,40.56931,60
35,-73.86771,40.56925,61
35,-73.86794,40.56912,62
35,-73.86801,40.56906,63
35,-73.86811,40.56893,64
35,-73.86814,40.56883,65
35,-73.86815,40.56874,66
35,-73.86826,40.56852,67
35,-73.86858,40.5681,68
35,-73.86875,40.56793,69
35,-73.86904,40.56773,70
35,-73.8691,40.5677,71
35,-73.86939,40.56756,72
35,-73.86985,40.56742,73
35,-73.87148,40.56687,74
35,-73.87185,40.56674,75
35,-73.87224,40.5666,76
35,-73.8728,40.5664,77
35,-73.87299,40.56636,78
35,-73.873048,40.566328,79
35,-73.8731,40.5663,80
35,-73.87313,40.56619,81
35,-73.87304,40.5661,82
35,-73.87288,40.56608,83
35,-73.87266,40.56615,84
35,-73.872457,40.56622,85
35,-73.87171,40.56647,86
35,-73.87139,40.56658,87
35,-73.86974,40.56715,88
35,-73.86834,40.56762,89
35,-73.86778,40.56784,90
35,-73.86711,40.5681,91
35,-73.86687,40.56818,92
35,-73.86671,40.5683,93
35,-73.86662,40.56839,94
35,-73.86656,40.56856,95
35,-73.86656,40.56874,96
35,-73.86658,40.56884,97
35,-73.86671,40.56904,98
35,-73.86682,40.56913,99
35,-73.86693,40.56921,100
35,-73.8671,40.5693,101
35,-73.86733,40.56945,102
35,-73.8675,40.5696,103
35,-73.86776,40.56992,104
35,-73.86787,40.57007,105
35,-73.86817,40.57048,106
35,-73.86852,40.57086,107
35,-73.86871,40.57103,108
35,-73.86896,40.57118,109
35,-73.8693,40.57135,110
35,-73.86963,40.57145,111
35,-73.86993,40.5715,112
35,-73.87041,40.57152,113
35,-73.87065,40.57152,114
35,-73.871,40.57148,115
35,-73.87128,40.57141,116
35,-73.87225,40.57099,117
35,-73.87485,40.56974,118
35,-73.87668,40.56885,119
35,-73.87736,40.56867,120
35,-73.87761,40.568613,121
35,-73.87789,40.56855,122
35,-73.87844,40.56848,123
35,-73.87968,40.56838,124
35,-73.87988,40.56834,125
35,-73.88019,40.56825,126
35,-73.88116,40.56785,127
35,-73.88128,40.56781,128
35,-73.88146,40.56775,129
35,-73.88171,40.56769,130
35,-73.882,40.56764,131
35,-73.88238,40.56761,132
35,-73.88278,40.56755,133
35,-73.88269,40.56744,134
35,-73.882482,40.567076,135
44,-73.768893,40.596192,1
44,-73.769748,40.5961,2
44,-73.770648,40.596,3
44,-73.771498,40.59591,4
44,-73.772308,40.59579,5
44,-73.772818,40.59577,6
44,-73.773868,40.59576,7
44,-73.774588,40.59573,8
44,-73.774768,40.59573,9
44,-73.775718,40.59567,10
44,-73.776548,40.59561,11
44,-73.777388,40.59555,12
44,-73.778218,40.5955,13
44,-73.779028,40.59545,14
44,-73.779938,40.59538,15
44,-73.780918,40.59532,16
44,-73.781115,40.595307,17
44,-73.781838,40.59526,18
44,-73.782698,40.5952,19
44,-73.783608,40.59514,20
44,-73.784128,40.5951,21
44,-73.784548,40.59507,22
44,-73.785508,40.595,23
44,-73.785728,40.59498,24
44,-73.786258,40.59494,25
44,-73.786938,40.59488,26
44,-73.787078,40.59485,27
44,-73.787228,40.59481,28
44,-73.788078,40.59447,29
44,-73.789128,40.59404,30
44,-73.789038,40.59298,31
44,-73.788938,40.59215,32
44,-73.789648,40.59208,33
44,-73.790528,40.59189,34
44,-73.791378,40.59189,35
44,-73.791678,40.59185,36
44,-73.794288,40.59117,37
44,-73.795118,40.59095,38
44,-73.795908,40.59075,39
44,-73.797858,40.59018,40
44,-73.798438,40.58999,41
44,-73.799338,40.58969,42
44,-73.800178,40.5894,43
44,-73.800958,40.58913,44
44,-73.801118,40.58909,45
44,-73.801998,40.58887,46
44,-73.802798,40.58865,47
44,-73.803538,40.58845,48
44,-73.803888,40.5884,49
44,-73.804308,40.5883,50
44,-73.805138,40.58821,51
44,-73.806348,40.58808,52
44,-73.807278,40.58799,53
44,-73.807448,40.588,54
44,-73.809858,40.58774,55
44,-73.810628,40.58767,56
44,-73.811098,40.5876,57
44,-73.811238,40.58755,58
44,-73.812158,40.58744,59
44,-73.812448,40.58741,60
44,-73.813048,40.58735,61
44,-73.813848,40.58712,62
44,-73.814648,40.58678,63
44,-73.815438,40.58646,64
44,-73.816558,40.586,65
44,-73.816698,40.58593,66
44,-73.817168,40.58571,67
44,-73.817278,40.58566,68
44,-73.818048,40.58531,69
44,-73.818798,40.58495,70
44,-73.819568,40.58459,71
44,-73.820338,40.58422,72
44,-73.821098,40.58386,73
44,-73.821718,40.58357,74
44,-73.822578,40.58315,75
44,-73.823068,40.5839,76
44,-73.826068,40.58301,77
44,-73.827658,40.58255,78
44,-73.829158,40.58208,79
44,-73.829588,40.58195,80
44,-73.830058,40.58242,81
44,-73.830228,40.58259,82
44,-73.830678,40.58347,83
44,-73.830698,40.5835,84
44,-73.830908,40.5839,85
44,-73.830948,40.58398,86
44,-73.831178,40.58393,87
44,-73.831728,40.583784,88
69,-73.970727,40.743912,1
69,-73.967325,40.742936,2
69,-73.964515,40.742134,3
69,-73.961318,40.741838,4
69,-73.964515,40.742134,5
69,-73.964838,40.731406,6
69,-73.967304,40.722012,7
69,-73.964898,40.720838,8
69,-73.967304,40.722012,9
69,-73.972583,40.710119,10
69,-73.996642,40.704159,11
69,-73.995667,40.703652,12
69,-73.996642,40.704159,13
69,-74.005257,40.702377,14
69,-74.006689,40.703647,15
107,-74.006689,40.703647,1
107,-74.005257,40.702377,2
107,-73.990776,40.707436,3
107,-73.976528,40.707101,4
107,-73.973574,40.701792,5
107,-73.976528,40.707101,6
107,-73.973779,40.710158,7
107,-73.969808,40.721485,8
107,-73.967326,40.742936,9
107,-73.970729,40.743912,10
107,-73.967326,40.742936,11
107,-73.959144,40.749586,12
107,-73.957723,40.74842,13
107,-73.959144,40.749586,14
107,-73.951271,40.756374,15
107,-73.95248,40.756811,16
107,-73.951271,40.756374,17
107,-73.938487,40.770867,18
107,-73.935712,40.77172,19
107,-73.938487,40.770867,20
107,-73.939703,40.777845,21
107,-73.94217,40.777475,22
108,-73.94217,40.777475,1
108,-73.939701,40.777845,2
108,-73.938483,40.770867,3
108,-73.935712,40.77172,4
108,-73.938483,40.770867,5
108,-73.951269,40.756374,6
108,-73.95248,40.756811,7
108,-73.951269,40.756374,8
108,-73.959142,40.749586,9
108,-73.957723,40.74842,10
108,-73.959142,40.749586,11
108,-73.967322,40.742936,12
108,-73.970729,40.743912,13
108,-73.967322,40.742936,14
108,-73.969806,40.721492,15
108,-73.973774,40.710159,16
108,-73.976524,40.707101,17
108,-73.973574,40.701792,18
108,-73.976524,40.707101,19
108,-73.990772,40.707436,20
108,-74.005257,40.702377,21
108,-74.006687,40.703647,22
125,-74.013354,40.680957,1
125,-74.011303,40.682798,2
125,-74.014537,40.685517,3
125,-74.005328,40.69326,4
125,-74.005257,40.702377,5
125,-74.006685,40.703647,6
126,-74.006688,40.703646,1
126,-74.005257,40.702377,2
126,-74.00533,40.69326,3
126,-74.014545,40.685517,4
126,-74.011305,40.682798,5
126,-74.013354,40.680957,6
132,-73.831326,40.583885,1
132,-73.833411,40.583354,2
132,-73.834671,40.582966,3
132,-73.834274,40.582432,4
132,-73.834058,40.582159,5
132,-73.833853,40.582023,6
132,-73.833603,40.581907,7
132,-73.833275,40.581851,8
132,-73.833074,40.581837,9
132,-73.832876,40.581866,10
132,-73.831264,40.582252,11
132,-73.830257,40.582538,12
132,-73.829867,40.581884,13
132,-73.829617,40.581919,14
132,-73.829523,40.581947,15
132,-73.827621,40.582514,16
132,-73.826035,40.582969,17
132,-73.825124,40.58324,18
132,-73.824097,40.583547,19
132,-73.82367,40.583662,20
132,-73.822994,40.583853,21
132,-73.822914,40.583828,22
132,-73.82251,40.583184,23
132,-73.821708,40.58357,24
132,-73.821221,40.583803,25
132,-73.821103,40.583857,26
132,-73.820333,40.584221,27
132,-73.819568,40.584587,28
132,-73.818798,40.584948,29
132,-73.818039,40.585307,30
132,-73.817585,40.585525,31
132,-73.817294,40.585674,32
132,-73.817164,40.585734,33
132,-73.816709,40.585949,34
132,-73.816575,40.586015,35
132,-73.815896,40.586289,36
132,-73.815441,40.586472,37
132,-73.815205,40.586568,38
132,-73.814641,40.586788,39
132,-73.813803,40.587119,40
132,-73.81305,40.587368,41
132,-73.812479,40.587428,42
132,-73.812165,40.587461,43
132,-73.811277,40.587553,44
132,-73.811016,40.58759,45
132,-73.810636,40.587646,46
132,-73.809859,40.587758,47
132,-73.808753,40.587862,48
132,-73.807277,40.588001,49
132,-73.806341,40.588088,50
132,-73.805138,40.588215,51
132,-73.804322,40.588328,52
132,-73.803549,40.588489,53
132,-73.80279,40.588665,54
132,-73.802017,40.58888,55
132,-73.801575,40.588988,56
132,-73.80117,40.589076,57
132,-73.80107,40.589096,58
132,-73.800935,40.589077,59
132,-73.800148,40.589324,60
132,-73.799304,40.589611,61
132,-73.798421,40.589902,62
132,-73.79786,40.590106,63
132,-73.796865,40.590427,64
132,-73.795934,40.590696,65
132,-73.79583,40.590722,66
132,-73.793972,40.591197,67
132,-73.793113,40.591411,68
132,-73.792256,40.591638,69
132,-73.791468,40.591826,70
132,-73.791375,40.591851,71
132,-73.791458,40.59313,72
132,-73.791208,40.59319,73
132,-73.791008,40.59327,74
132,-73.789118,40.59404,75
132,-73.788068,40.59447,76
132,-73.787218,40.59481,77
132,-73.787068,40.59485,78
132,-73.786928,40.59488,79
132,-73.786248,40.59494,80
132,-73.785718,40.59498,81
132,-73.785498,40.595,82
132,-73.784538,40.59507,83
132,-73.784118,40.5951,84
132,-73.783598,40.59514,85
132,-73.782688,40.5952,86
132,-73.781828,40.59526,87
132,-73.780908,40.59532,88
132,-73.780451,40.595347,89
132,-73.779928,40.59538,90
132,-73.779018,40.59545,91
132,-73.778208,40.5955,92
132,-73.777378,40.59555,93
132,-73.776538,40.59561,94
132,-73.775708,40.59567,95
132,-73.774758,40.59573,96
132,-73.774578,40.59573,97
132,-73.773858,40.59576,98
132,-73.772808,40.59577,99
132,-73.772298,40.59579,100
132,-73.771488,40.59591,101
132,-73.770638,40.596,102
132,-73.770908,40.59736,103
132,-73.769988,40.59747,104
132,-73.768988,40.59757,105
132,-73.768718,40.59621,106
132,-73.768739,40.596223,107
132,-73.769102,40.596183,108
132,-73.769132,40.596179,109
133,-74.006689,40.703647,1
133,-74.005257,40.702377,2
133,-73.996642,40.704159,3
133,-73.995667,40.703652,4
133,-73.996642,40.704159,5
133,-73.972576,40.710119,6
133,-73.967304,40.722012,7
133,-73.964898,40.720838,8
133,-73.967304,40.722012,9
133,-73.964838,40.731406,10
133,-73.964515,40.742134,11
133,-73.961318,40.741838,12
133,-73.964515,40.742134,13
133,-73.967325,40.742936,14
133,-73.970727,40.743912,15
134,-74.006689,40.703647,1
134,-74.005256,40.702377,2
134,-73.996642,40.704159,3
134,-73.995667,40.703652,4
134,-73.996642,40.704159,5
134,-73.972181,40.710221,6
134,-73.970169,40.708648,7
134,-73.972135,40.710207,8
134,-73.967304,40.722012,9
134,-73.964838,40.731406,10
134,-73.963597,40.731326,11
134,-73.964795,40.731396,12
134,-73.967172,40.740289,13
134,-73.968297,40.743105,14
134,-73.970727,40.743912,15
135,-73.970727,40.743912,1
135,-73.967325,40.742936,2
135,-73.966433,40.740781,3
135,-73.964859,40.731408,4
135,-73.96351,40.731409,5
135,-73.964838,40.731406,6
135,-73.967304,40.722012,7
135,-73.972484,40.710247,8
135,-73.970243,40.708734,9
135,-73.972458,40.710235,10
135,-73.996642,40.704159,11
135,-73.995667,40.703652,12
135,-73.996642,40.704159,13
135,-74.005257,40.702377,14
135,-74.006689,40.703647,15
136,-74.016533,40.686688,1
136,-74.01115,40.682691,2
136,-74.013346,40.680945,3
136,-74.011153,40.682709,4
136,-74.014581,40.685226,5
136,-74.005328,40.69326,6
136,-74.002067,40.692315,7
136,-74.005328,40.69326,8
136,-74.005254,40.702376,9
136,-74.006138,40.703161,10
136,-74.005254,40.702376,11
136,-73.979039,40.709068,12
136,-73.979241,40.710159,13
136,-73.979039,40.709068,14
136,-73.973731,40.710353,15
136,-73.969814,40.721499,16
136,-73.967327,40.742936,17
136,-73.970729,40.743912,18
137,-73.970729,40.743912,1
137,-73.967327,40.742936,2
137,-73.969814,40.721499,3
137,-73.973731,40.710353,4
137,-73.979039,40.709068,5
137,-73.979241,40.710159,6
137,-73.979039,40.709068,7
137,-74.005255,40.702377,8
137,-74.006138,40.703161,9
137,-74.005255,40.702377,10
137,-74.005328,40.69326,11
137,-74.002067,40.692315,12
137,-74.005328,40.69326,13
137,-74.01472,40.685378,14
137,-74.011314,40.682703,15
137,-74.013374,40.680927,16
137,-74.011312,40.682726,17
137,-74.016425,40.686704,18
138,-74.004041,40.760322,1
138,-74.006574,40.761324,2
138,-74.013642,40.751273,3
138,-74.023889,40.715406,4
138,-74.017741,40.715028,5
138,-74.023889,40.715406,6
138,-74.028972,40.694721,7
138,-74.039334,40.676078,8
138,-74.060352,40.6516478,9
138,-74.0672005,40.6489099,10
138,-74.074221,40.6460712,11
138,-74.0672005,40.6489099,12
138,-74.0555085,40.6393499,13
138,-74.0420105,40.6379787,14
138,-74.0398085,40.6407937,15
138,-74.038123,40.6398566,16
138,-74.0398085,40.6407937,17
138,-74.0240895,40.6599407,18
138,-74.021362,40.678469,19
138,-74.014513,40.685516,20
138,-74.00531,40.693259,21
138,-74.002042,40.692314,22
138,-74.00531,40.693259,23
138,-74.005229,40.702376,24
138,-74.006664,40.703647,25
139,-74.0066738,40.7036463,1
139,-74.0052408,40.7023773,2
139,-74.0053208,40.6932593,3
139,-74.0020528,40.6923143,4
139,-74.0053208,40.6932593,5
139,-74.0145238,40.6855163,6
139,-74.0213725,40.6784693,7
139,-74.024088,40.6599406,8
139,-74.039807,40.6407936,9
139,-74.0381215,40.6398565,10
139,-74.039807,40.6407936,11
139,-74.042009,40.6379786,12
139,-74.055507,40.6393498,13
139,-74.0672005,40.6489099,14
139,-74.0742185,40.6460723,15
139,-74.0672005,40.6489099,16
139,-74.0603505,40.6516477,17
139,-74.0393425,40.6760783,18
139,-74.0289805,40.6947213,19
139,-74.0238975,40.7154063,20
139,-74.0177518,40.7150283,21
139,-74.0238975,40.7154063,22
139,-74.0136498,40.7512743,23
139,-74.0065848,40.7613243,24
139,-74.0040518,40.7603223,25
141,-73.9613194,40.7418379,1
141,-73.9645174,40.7421339,2
141,-73.9673274,40.7429359,3
141,-73.9707294,40.7439119,4
142,-73.970729,40.743912,1
142,-73.967327,40.742936,2
142,-73.969814,40.721498,3
142,-73.973731,40.710353,4
142,-73.979039,40.709068,5
142,-73.979241,40.710159,6
142,-73.979039,40.709068,7
142,-74.005255,40.702377,8
142,-74.006136,40.703161,9
142,-74.005255,40.702377,10
142,-74.005326,40.69326,11
142,-74.002065,40.692315,12
142,-74.005326,40.69326,13
142,-74.013824,40.685205,14
142,-74.011409,40.682825,15
142,-74.013353,40.680944,16
143,-74.013358,40.680954,1
143,-74.011112,40.682767,2
143,-74.014282,40.685421,3
143,-74.005326,40.69326,4
143,-74.002065,40.692315,5
143,-74.005326,40.69326,6
143,-74.005255,40.702377,7
143,-74.006136,40.703161,8
143,-74.005255,40.702377,9
143,-73.979039,40.709068,10
143,-73.979242,40.710159,11
143,-73.979039,40.709068,12
143,-73.972619,40.710953,13
143,-73.966267,40.726525,14
143,-73.967929,40.741654,15
143,-73.971103,40.743826,16
144,-73.8372911,40.8054549,1
144,-73.8377811,40.8041479,2
144,-73.8479152,40.8027329,3
144,-73.8486892,40.8042019,4
144,-73.8479152,40.8027329,5
144,-73.8725812,40.7976659,6
144,-73.8839622,40.7995369,7
144,-73.8906932,40.8004039,8
144,-73.9005282,40.7975779,9
144,-73.9111903,40.7927809,10
144,-73.9267263,40.7797679,11
144,-73.9396953,40.7778449,12
144,-73.9421583,40.7774749,13
144,-73.9396953,40.7778449,14
144,-73.9562633,40.7580669,15
144,-73.9685054,40.7432779,16
144,-73.9707174,40.7439119,17
144,-73.9685054,40.7432779,18
144,-73.9700764,40.7318049,19
144,-73.9729084,40.7319789,20
144,-73.9700764,40.7318049,21
144,-73.9697994,40.7214929,22
144,-73.9729204,40.7123569,23
144,-73.9754444,40.7101419,24
144,-73.9806734,40.7080999,25
144,-73.9908364,40.7073889,26
144,-74.0052534,40.7023769,27
144,-74.0061374,40.7031599,28
144,-74.0052534,40.7023769,29
144,-74.0041794,40.7002299,30
144,-74.0103544,40.6901529,31
144,-74.0214675,40.6783339,32
144,-74.0240925,40.6599409,33
144,-74.0329195,40.6490319,34
144,-74.0264295,40.6462759,35
144,-74.0329195,40.6490319,36
144,-74.0398115,40.6407939,37
144,-74.0420145,40.6379769,38
144,-74.0443845,40.6276169,39
144,-74.0444565,40.6235679,40
144,-74.0445355,40.6216879,41
144,-74.0419225,40.6121729,42
144,-74.0389215,40.6051629,43
144,-74.0142804,40.5709759,44
144,-74.0045534,40.5655639,45
144,-73.9304373,40.5647309,46
144,-73.8675432,40.5779429,47
144,-73.8538942,40.5838039,48
144,-73.8319091,40.5850129,49
144,-73.8315891,40.5842279,50
145,-73.8315911,40.5842279,1
145,-73.8319111,40.5850129,2
145,-73.8538962,40.5838039,3
145,-73.8675452,40.5779429,4
145,-73.9304413,40.5647309,5
145,-74.0045554,40.5655639,6
145,-74.0142824,40.5709759,7
145,-74.0389215,40.6051599,8
145,-74.0419245,40.6121729,9
145,-74.0445375,40.6216879,10
145,-74.0443855,40.6276149,11
145,-74.0420145,40.6379759,12
145,-74.0398115,40.6407939,13
145,-74.0329215,40.6490319,14
145,-74.0264315,40.6462759,15
145,-74.0329215,40.6490319,16
145,-74.0240925,40.6599409,17
145,-74.0214695,40.6783339,18
145,-74.0103544,40.6901529,19
145,-74.0041794,40.7002299,20
145,-74.0052554,40.7023769,21
145,-74.0061384,40.7031599,22
145,-74.0052554,40.7023769,23
145,-73.9907664,40.7074029,24
145,-73.9806734,40.7080999,25
145,-73.9753854,40.7101729,26
145,-73.9729584,40.7123709,27
145,-73.9697964,40.7214949,28
145,-73.9700744,40.7318049,29
145,-73.9729064,40.7319789,30
145,-73.9700744,40.7318049,31
145,-73.9685054,40.7432779,32
145,-73.9707154,40.7439119,33
145,-73.9685054,40.7432779,34
145,-73.9562633,40.7580669,35
145,-73.9396933,40.7778449,36
145,-73.9421563,40.7774749,37
145,-73.9396933,40.7778449,38
145,-73.9267213,40.7797679,39
145,-73.9110403,40.7928269,40
145,-73.9005282,40.7975779,41
145,-73.8906622,40.8003819,42
145,-73.8840362,40.7995669,43
145,-73.8725532,40.7976839,44
145,-73.8479132,40.8027329,45
145,-73.8486872,40.8042019,46
145,-73.8479132,40.8027329,47
145,-73.8377791,40.8041479,48
145,-73.8372891,40.8054549,49
147,-73.8315901,40.5842279,1
147,-73.8319091,40.5850129,2
147,-73.8538962,40.5838039,3
147,-73.8675452,40.5779429,4
147,-73.9304373,40.5647309,5
147,-74.0045554,40.5655639,6
147,-74.0142824,40.5709759,7
147,-74.0389235,40.6051629,8
147,-74.0419245,40.6121729,9
147,-74.0445375,40.6216879,10
147,-74.0443865,40.6276149,11
147,-74.0420145,40.6379759,12
147,-74.0398115,40.6407939,13
147,-74.0329215,40.6490319,14
147,-74.0264325,40.6462759,15
147,-74.0329215,40.6490319,16
147,-74.0240925,40.6599409,17
147,-74.0214695,40.6783339,18
147,-74.0103544,40.6901529,19
147,-74.0041794,40.7002299,20
147,-74.0052554,40.7023769,21
147,-74.0066874,40.7036469,22
149,-73.837299,40.805455,1
149,-73.837789,40.804148,2
149,-73.847923,40.802733,3
149,-73.848697,40.804202,4
149,-73.847923,40.802733,5
149,-73.872589,40.797666,6
149,-73.88397,40.799537,7
149,-73.890701,40.800404,8
149,-73.900536,40.797578,9
149,-73.911198,40.792781,10
149,-73.926734,40.779768,11
149,-73.939703,40.777845,12
149,-73.942166,40.777475,13
149,-73.939703,40.777845,14
149,-73.956271,40.758067,15
149,-73.968513,40.743278,16
149,-73.970725,40.743912,17
149,-73.968513,40.743278,18
149,-73.970084,40.731805,19
149,-73.972916,40.731979,20
149,-73.970084,40.731805,21
149,-73.969807,40.721493,22
149,-73.972928,40.712357,23
149,-73.975452,40.710142,24
149,-73.980681,40.7081,25
149,-73.990844,40.707389,26
149,-74.005257,40.702377,27
149,-74.006687,40.703647,28
150,-74.074226,40.6460716,1
150,-74.0672005,40.6489099,2
150,-74.0555085,40.6393499,3
150,-74.0420105,40.6379787,4
150,-74.0398085,40.6407937,5
150,-74.038123,40.6398566,6
150,-74.0398085,40.6407937,7
150,-74.0240895,40.6599407,8
150,-74.021369,40.6784696,9
150,-74.0145206,40.6855166,10
150,-74.0053176,40.6932596,11
150,-74.0020496,40.6923146,12
150,-74.0053176,40.6932596,13
150,-74.0052356,40.7023756,14
150,-74.0066706,40.7036466,15
